%(high) frequency  (max) height       low frequency      integral
  3608.375            -0.277
  3608.375             3.665
  3608.375             2.907
  3608.375            -0.778
  3608.375            -3.259
  3608.375            -2.918
  3608.375            -1.406
  3608.375            -0.373
  3608.375             0.414
  3608.375             1.345
  3608.375             1.366
  3608.375            -0.428
  3608.375            -2.699
  3608.375            -3.108
  3608.375            -1.385
  3608.375             0.424
  3608.375             0.887
  3608.375             0.822
  3608.375             1.371
  3608.375             1.859
  3608.375             0.847
  3608.375            -1.434
  3608.375            -3.141
  3608.375            -3.194
  3608.375            -2.314
  3608.375            -1.462
  3608.375            -0.423
  3608.375             1.320
  3608.375             3.091
  3608.375             3.523
  3608.375             2.414
  3608.375             1.139
  3608.375             0.946
  3608.375             1.485
  3608.375             1.529
  3608.375             0.771
  3608.375             0.271
  3608.375             1.091
  3608.375             2.917
  3608.375             4.261
  3608.375             3.831
  3608.375             1.621
  3608.375            -1.149
  3608.375            -2.945
  3608.375            -2.928
  3608.375            -1.426
  3608.375             0.446
  3608.375             1.711
  3608.375             2.196
  3608.375             2.355
  3608.375             2.558
  3608.375             2.714
  3608.375             2.542
  3608.375             1.960
  3608.375             1.059
  3608.375            -0.070
  3608.375            -1.240
  3608.375            -2.004
  3608.375            -1.963
  3608.375            -1.330
  3608.375            -0.828
  3608.375            -0.824
  3608.375            -0.833
  3608.375            -0.279
  3608.375             0.483
  3608.375             0.510
  3608.375            -0.242
  3608.375            -0.451
  3608.375             0.976
  3608.375             3.194
  3608.375             4.118
  3608.375             2.892
  3608.375             0.891
  3608.375            -0.096
  3608.375            -0.015
  3608.375            -0.152
  3608.375            -1.077
  3608.375            -2.055
  3608.375            -2.513
  3608.375            -2.919
  3608.375            -3.573
  3608.375            -3.481
  3608.375            -1.580
  3608.375             1.247
  3608.375             2.627
  3608.375             1.440
  3608.375            -0.856
  3608.375            -2.081
  3608.375            -1.725
  3608.375            -0.818
  3608.375            -0.116
  3608.375             0.514
  3608.375             1.116
  3608.375             1.266
  3608.375             1.050
  3608.375             1.465
  3608.375             3.015
  3608.375             4.424
  3608.375             3.779
  3608.375             0.987
  3608.375            -1.776
  3608.375            -2.409
  3608.375            -1.074
  3608.375             0.487
  3608.375             1.258
  3608.375             1.721
  3608.375             2.428
  3608.375             2.799
  3608.375             1.902
  3608.375            -0.112
  3608.375            -2.051
  3608.375            -3.024
  3608.375            -3.084
  3608.375            -2.522
  3608.375            -1.277
  3608.375             0.499
  3608.375             1.858
  3608.375             1.830
  3608.375             0.750
  3608.375             0.044
  3608.375             0.422
  3608.375             0.906
  3608.375             0.244
  3608.375            -1.107
  3608.375            -1.285
  3608.375             0.546
  3608.375             2.878
  3608.375             3.543
  3608.375             2.273
  3608.375             0.792
  3608.375             0.473
  3608.375             0.805
  3608.375             0.567
  3608.375            -0.248
  3608.375            -0.607
  3608.375            -0.279
  3608.375            -0.423
  3608.375            -1.873
  3608.375            -3.597
  3608.375            -3.709
  3608.375            -1.816
  3608.375             0.476
  3608.375             1.535
  3608.375             1.485
  3608.375             1.630
  3608.375             2.628
  3608.375             3.862
  3608.375             4.422
  3608.375             4.114
  3608.375             3.446
  3608.375             3.044
  3608.375             3.206
  3608.375             3.758
  3608.375             4.204
  3608.375             4.144
  3608.375             3.569
  3608.375             2.695
  3608.375             1.692
  3608.375             0.819
  3608.375             0.650
  3608.375             1.645
  3608.375             3.357
  3608.375             4.463
  3608.375             3.934
  3608.375             2.149
  3608.375             0.600
  3608.375             0.460
  3608.375             1.507
  3608.375             2.430
  3608.375             2.132
  3608.375             0.698
  3608.375            -0.808
  3608.375            -1.419
  3608.375            -1.092
  3608.375            -0.486
  3608.375            -0.093
  3608.375             0.238
  3608.375             0.916
  3608.375             1.967
  3608.375             2.987
  3608.375             3.631
  3608.375             3.884
  3608.375             3.780
  3608.375             3.129
  3608.375             1.802
  3608.375             0.226
  3608.375            -0.708
  3608.375            -0.426
  3608.375             0.733
  3608.375             1.856
  3608.375             2.354
  3608.375             2.400
  3608.375             2.485
  3608.375             2.746
  3608.375             2.858
  3608.375             2.501
  3608.375             1.748
  3608.375             0.981
  3608.375             0.537
  3608.375             0.479
  3608.375             0.611
  3608.375             0.618
  3608.375             0.310
  3608.375            -0.099
  3608.375            -0.005
  3608.375             1.045
  3608.375             2.654
  3608.375             3.596
  3608.375             2.853
  3608.375             0.759
  3608.375            -1.064
  3608.375            -1.137
  3608.375             0.476
  3608.375             2.270
  3608.375             2.780
  3608.375             1.868
  3608.375             0.572
  3608.375            -0.084
  3608.375             0.031
  3608.375             0.370
  3608.375             0.482
  3608.375             0.450
  3608.375             0.660
  3608.375             1.292
  3608.375             2.022
  3608.375             2.193
  3608.375             1.373
  3608.375            -0.049
  3608.375            -0.875
  3608.375            -0.051
  3608.375             2.131
  3608.375             3.946
  3608.375             3.785
  3608.375             1.924
  3608.375             0.418
  3608.375             0.952
  3608.375             2.989
  3608.375             4.466
  3608.375             4.239
  3608.375             3.236
  3608.375             2.918
  3608.375             3.210
  3608.375             2.807
  3608.375             1.351
  3608.375             0.208
  3608.375             0.459
  3608.375             1.016
  3608.375            -0.047
  3608.375            -2.496
  3608.375            -3.799
  3608.375            -2.572
  3608.375            -0.717
  3608.375            -0.597
  3608.375            -1.095
  3608.375             0.889
  3608.375             4.682
  3608.375             5.068
  3608.375             0.612
  3608.375             1.089
  3608.375            20.946
  3608.375            62.330
  3608.375           107.861
  3608.375           134.063
  3608.375           128.349
  3608.375            91.683
  3608.375            39.766
  3608.375             3.725
  3608.375             7.348
  3608.375            42.480
  3608.375            82.010
  3608.375           110.598
  3608.375           124.435
  3608.375           115.867
  3608.375            83.840
  3608.375            43.716
  3608.375            14.345
  3608.375             3.542
  3608.375             5.539
  3608.375             9.373
  3608.375             8.961
  3608.375             5.650
  3608.375             3.430
  3608.375             3.799
  3608.375             5.218
  3608.375             5.708
  3608.375             4.751
  3608.375             3.054
  3608.375             1.549
  3608.375             0.869
  3608.375             1.298
  3608.375             2.710
  3608.375             4.591
  3608.375             6.216
  3608.375             6.896
  3608.375             6.157
  3608.375             4.086
  3608.375             1.532
  3608.375            -0.309
  3608.375            -0.954
  3608.375            -1.111
  3608.375            -1.803
  3608.375            -2.928
  3608.375            -3.312
  3608.375            -2.272
  3608.375            -0.791
  3608.375            -0.360
  3608.375            -1.040
  3608.375            -1.251
  3608.375            -0.014
  3608.375             1.630
  3608.375             1.838
  3608.375             0.688
  3608.375             0.108
  3608.375             1.443
  3608.375             3.289
  3608.375             3.675
  3608.375             2.537
  3608.375             2.343
  3608.375             3.588
  3608.375             4.527
  3608.375             2.053
  3608.375             1.122
  3608.375             9.033
  3608.375            72.267
  3608.375           232.313
  3608.375           289.209
  3608.375           147.643
  3608.375            35.545
  3608.375            13.543
  3608.375             7.929
  3608.375             6.660
  3608.375             4.267
  3608.375             1.957
  3608.375             1.758
  3608.375             4.196
  3608.375             6.511
  3608.375             6.516
  3608.375             4.365
  3608.375             2.152
  3608.375             1.153
  3608.375             1.032
  3608.375             0.507
  3608.375            -1.002
  3608.375            -2.830
  3608.375            -3.565
  3608.375            -2.590
  3608.375            -0.843
  3608.375            -0.004
  3608.375            -0.601
  3608.375            -1.508
  3608.375            -1.434
  3608.375            -0.616
  3608.375            -0.311
  3608.375            -0.849
  3608.375            -0.950
  3608.375             0.458
  3608.375             2.369
  3608.375             2.472
  3608.375             0.047
  3608.375            -2.687
  3608.375            -2.740
  3608.375             0.233
  3608.375             3.342
  3608.375             3.527
  3608.375             0.820
  3608.375            -1.905
  3608.375            -2.217
  3608.375            -0.587
  3608.375             0.667
  3608.375             0.315
  3608.375            -0.570
  3608.375            -0.335
  3608.375             1.007
  3608.375             1.804
  3608.375             0.862
  3608.375            -1.036
  3608.375            -1.937
  3608.375            -0.763
  3608.375             1.722
  3608.375             3.779
  3608.375             4.221
  3608.375             3.114
  3608.375             1.426
  3608.375             0.202
  3608.375            -0.118
  3608.375             0.030
  3608.375            -0.223
  3608.375            -1.189
  3608.375            -2.021
  3608.375            -1.458
  3608.375             0.639
  3608.375             2.798
  3608.375             3.448
  3608.375             2.776
  3608.375             2.458
  3608.375             3.376
  3608.375             4.298
  3608.375             3.529
  3608.375             1.456
  3608.375             0.317
  3608.375             1.244
  3608.375             2.615
  3608.375             2.211
  3608.375             0.250
  3608.375            -0.981
  3608.375            -0.359
  3608.375             0.653
  3608.375             0.307
  3608.375            -0.953
  3608.375            -1.377
  3608.375            -0.538
  3608.375             0.268
  3608.375             0.134
  3608.375            -0.303
  3608.375            -0.216
  3608.375            -0.016
  3608.375            -0.531
  3608.375            -1.416
  3608.375            -1.438
  3608.375            -0.274
  3608.375             0.931
  3608.375             1.058
  3608.375             0.352
  3608.375            -0.153
  3608.375             0.022
  3608.375             0.611
  3608.375             1.345
  3608.375             2.068
  3608.375             2.235
  3608.375             1.199
  3608.375            -0.611
  3608.375            -1.589
  3608.375            -0.776
  3608.375             0.626
  3608.375             0.519
  3608.375            -1.289
  3608.375            -2.571
  3608.375            -1.494
  3608.375             0.853
  3608.375             1.790
  3608.375             0.581
  3608.375            -0.631
  3608.375             0.161
  3608.375             1.994
  3608.375             2.256
  3608.375             0.351
  3608.375            -1.357
  3608.375            -0.650
  3608.375             1.620
  3608.375             2.662
  3608.375             1.235
  3608.375            -1.149
  3608.375            -2.444
  3608.375            -2.282
  3608.375            -1.452
  3608.375            -0.246
  3608.375             1.517
  3608.375             3.193
  3608.375             3.461
  3608.375             2.113
  3608.375             0.647
  3608.375             0.321
  3608.375             0.391
  3608.375            -0.644
  3608.375            -2.471
  3608.375            -3.025
  3608.375            -1.425
  3608.375             0.461
  3608.375             0.341
  3608.375            -1.436
  3608.375            -2.444
  3608.375            -1.553
  3608.375            -0.276
  3608.375            -0.315
  3608.375            -1.102
  3608.375            -0.873
  3608.375             0.557
  3608.375             1.457
  3608.375             0.515
  3608.375            -1.718
  3608.375            -3.907
  3608.375            -5.306
  3608.375            -5.587
  3608.375            -4.476
  3608.375            -2.508
  3608.375            -1.314
  3608.375            -1.912
  3608.375            -3.086
  3608.375            -2.799
  3608.375            -1.153
  3608.375            -0.415
  3608.375            -1.611
  3608.375            -2.600
  3608.375            -0.848
  3608.375             2.796
  3608.375             4.844
  3608.375             3.633
  3608.375             1.292
  3608.375             0.585
  3608.375             1.256
  3608.375             0.946
  3608.375            -1.067
  3608.375            -2.865
  3608.375            -2.750
  3608.375            -1.403
  3608.375            -0.329
  3608.375             0.470
  3608.375             1.690
  3608.375             2.321
  3608.375             0.213
  3608.375            -4.390
  3608.375            -7.670
