%(high) frequency  (max) height       low frequency      integral
  3608.375            -7.962
  3608.375            -2.501
  3608.375             2.489
  3608.375             3.229
  3608.375             1.765
  3608.375             1.114
  3608.375             1.447
  3608.375             1.434
  3608.375             0.638
  3608.375            -0.281
  3608.375            -0.569
  3608.375             0.027
  3608.375             1.096
  3608.375             1.654
  3608.375             0.813
  3608.375            -1.196
  3608.375            -2.868
  3608.375            -2.807
  3608.375            -1.267
  3608.375             0.052
  3608.375            -0.081
  3608.375            -1.038
  3608.375            -1.170
  3608.375             0.133
  3608.375             1.654
  3608.375             1.792
  3608.375             0.486
  3608.375            -0.714
  3608.375            -0.442
  3608.375             1.005
  3608.375             2.227
  3608.375             2.460
  3608.375             2.276
  3608.375             2.521
  3608.375             3.047
  3608.375             2.916
  3608.375             1.690
  3608.375             0.008
  3608.375            -1.226
  3608.375            -1.816
  3608.375            -2.124
  3608.375            -2.222
  3608.375            -1.748
  3608.375            -0.687
  3608.375             0.223
  3608.375             0.273
  3608.375            -0.254
  3608.375            -0.386
  3608.375             0.181
  3608.375             0.545
  3608.375            -0.238
  3608.375            -1.714
  3608.375            -2.305
  3608.375            -1.159
  3608.375             0.671
  3608.375             1.264
  3608.375            -0.093
  3608.375            -2.186
  3608.375            -3.210
  3608.375            -2.476
  3608.375            -0.673
  3608.375             1.158
  3608.375             2.449
  3608.375             3.016
  3608.375             2.731
  3608.375             1.663
  3608.375             0.307
  3608.375            -0.751
  3608.375            -1.405
  3608.375            -1.907
  3608.375            -2.110
  3608.375            -1.295
  3608.375             0.809
  3608.375             3.033
  3608.375             3.518
  3608.375             1.758
  3608.375            -0.518
  3608.375            -1.050
  3608.375             0.468
  3608.375             2.109
  3608.375             2.009
  3608.375             0.446
  3608.375            -0.724
  3608.375            -0.410
  3608.375             0.493
  3608.375             0.288
  3608.375            -1.455
  3608.375            -3.299
  3608.375            -3.368
  3608.375            -1.260
  3608.375             1.433
  3608.375             2.532
  3608.375             1.355
  3608.375            -0.558
  3608.375            -1.007
  3608.375             0.469
  3608.375             2.131
  3608.375             2.183
  3608.375             0.785
  3608.375            -0.592
  3608.375            -1.091
  3608.375            -0.957
  3608.375            -0.566
  3608.375             0.106
  3608.375             0.996
  3608.375             1.439
  3608.375             0.574
  3608.375            -1.645
  3608.375            -3.927
  3608.375            -4.447
  3608.375            -2.503
  3608.375             0.544
  3608.375             2.249
  3608.375             1.333
  3608.375            -1.023
  3608.375            -2.320
  3608.375            -1.255
  3608.375             1.048
  3608.375             2.384
  3608.375             1.808
  3608.375             0.373
  3608.375            -0.334
  3608.375             0.064
  3608.375             0.692
  3608.375             0.772
  3608.375             0.505
  3608.375             0.555
  3608.375             1.081
  3608.375             1.589
  3608.375             1.552
  3608.375             0.855
  3608.375            -0.274
  3608.375            -1.386
  3608.375            -1.810
  3608.375            -0.981
  3608.375             0.860
  3608.375             2.548
  3608.375             3.026
  3608.375             2.461
  3608.375             1.898
  3608.375             1.754
  3608.375             1.250
  3608.375            -0.251
  3608.375            -1.815
  3608.375            -1.644
  3608.375             0.715
  3608.375             3.501
  3608.375             4.430
  3608.375             2.935
  3608.375             0.418
  3608.375            -1.397
  3608.375            -1.851
  3608.375            -1.261
  3608.375            -0.126
  3608.375             1.237
  3608.375             2.557
  3608.375             3.549
  3608.375             4.069
  3608.375             4.171
  3608.375             3.988
  3608.375             3.627
  3608.375             3.176
  3608.375             2.702
  3608.375             2.223
  3608.375             1.730
  3608.375             1.210
  3608.375             0.584
  3608.375            -0.322
  3608.375            -1.520
  3608.375            -2.512
  3608.375            -2.429
  3608.375            -0.820
  3608.375             1.639
  3608.375             3.474
  3608.375             3.625
  3608.375             2.322
  3608.375             0.734
  3608.375            -0.144
  3608.375            -0.148
  3608.375             0.329
  3608.375             0.929
  3608.375             1.513
  3608.375             1.985
  3608.375             2.216
  3608.375             2.112
  3608.375             1.574
  3608.375             0.403
  3608.375            -1.453
  3608.375            -3.377
  3608.375            -4.090
  3608.375            -2.681
  3608.375             0.217
  3608.375             2.629
  3608.375             3.003
  3608.375             1.758
  3608.375             0.764
  3608.375             1.218
  3608.375             2.381
  3608.375             2.665
  3608.375             1.698
  3608.375             0.731
  3608.375             0.913
  3608.375             1.708
  3608.375             1.603
  3608.375             0.184
  3608.375            -1.189
  3608.375            -1.083
  3608.375             0.168
  3608.375             0.965
  3608.375             0.597
  3608.375             0.091
  3608.375             0.544
  3608.375             1.311
  3608.375             0.766
  3608.375            -1.256
  3608.375            -2.853
  3608.375            -2.508
  3608.375            -1.348
  3608.375            -1.697
  3608.375            -3.478
  3608.375            -3.635
  3608.375            -0.320
  3608.375             3.641
  3608.375             4.226
  3608.375             4.545
  3608.375            17.260
  3608.375            53.506
  3608.375           103.634
  3608.375           137.049
  3608.375           134.095
  3608.375           101.055
  3608.375            55.633
  3608.375            18.469
  3608.375             2.480
  3608.375             3.122
  3608.375             6.794
  3608.375             5.317
  3608.375             0.785
  3608.375            -1.180
  3608.375             0.415
  3608.375             1.651
  3608.375            -0.252
  3608.375            -3.251
  3608.375            -3.500
  3608.375            -0.506
  3608.375             2.356
  3608.375             2.223
  3608.375             0.114
  3608.375            -0.817
  3608.375             0.548
  3608.375             2.186
  3608.375             1.975
  3608.375             0.535
  3608.375             0.132
  3608.375             1.390
  3608.375             2.425
  3608.375             1.575
  3608.375            -0.105
  3608.375            -0.178
  3608.375             1.688
  3608.375             2.988
  3608.375             1.801
  3608.375            -0.089
  3608.375             0.828
  3608.375             4.531
  3608.375             6.075
  3608.375             1.754
  3608.375            -3.174
  3608.375             4.475
  3608.375            33.358
  3608.375            74.699
  3608.375           107.106
  3608.375           120.991
  3608.375           117.655
  3608.375            90.724
  3608.375            46.716
  3608.375            11.274
  3608.375            -2.401
  3608.375            -1.425
  3608.375             1.714
  3608.375             0.844
  3608.375            -2.333
  3608.375            -3.842
  3608.375            -2.423
  3608.375             0.119
  3608.375             1.668
  3608.375             1.763
  3608.375             1.217
  3608.375             0.704
  3608.375             0.201
  3608.375            -0.436
  3608.375            -0.883
  3608.375            -0.603
  3608.375             0.415
  3608.375             1.414
  3608.375             1.535
  3608.375             0.728
  3608.375            -0.112
  3608.375            -0.023
  3608.375             0.985
  3608.375             1.943
  3608.375             2.040
  3608.375             1.628
  3608.375             1.865
  3608.375             3.265
  3608.375             4.841
  3608.375             5.001
  3608.375             3.295
  3608.375             0.990
  3608.375            -0.296
  3608.375            -0.301
  3608.375            -0.163
  3608.375            -0.777
  3608.375            -1.619
  3608.375            -1.524
  3608.375            -0.404
  3608.375             0.438
  3608.375            -0.103
  3608.375            -1.416
  3608.375            -1.801
  3608.375            -0.558
  3608.375             1.032
  3608.375             1.169
  3608.375            -0.335
  3608.375            -1.793
  3608.375            -1.604
  3608.375            -0.074
  3608.375             0.960
  3608.375             0.169
  3608.375            -1.928
  3608.375            -3.581
  3608.375            -3.521
  3608.375            -1.927
  3608.375            -0.093
  3608.375             0.706
  3608.375             0.081
  3608.375            -1.168
  3608.375            -1.667
  3608.375            -0.554
  3608.375             1.526
  3608.375             2.804
  3608.375             1.833
  3608.375            -1.034
  3608.375            -4.010
  3608.375            -5.268
  3608.375            -4.358
  3608.375            -1.919
  3608.375             0.834
  3608.375             2.956
  3608.375             3.682
  3608.375             3.328
  3608.375             2.491
  3608.375             2.084
  3608.375             1.579
  3608.375             1.954
  3608.375             3.341
  3608.375             9.111
  3608.375            15.946
  3608.375            64.641
  3608.375           225.648
  3608.375           292.624
  3608.375           143.396
  3608.375            30.932
  3608.375            15.543
  3608.375             8.786
  3608.375             5.655
  3608.375             3.749
  3608.375             2.407
  3608.375             0.182
  3608.375            -1.255
  3608.375            -0.671
  3608.375             1.168
  3608.375             1.312
  3608.375            -1.299
  3608.375            -4.621
  3608.375            -5.520
  3608.375            -3.514
  3608.375            -0.774
  3608.375             0.584
  3608.375             0.803
  3608.375             1.305
  3608.375             2.481
  3608.375             3.218
  3608.375             2.738
  3608.375             1.735
  3608.375             1.479
  3608.375             2.083
  3608.375             2.425
  3608.375             1.541
  3608.375            -0.250
  3608.375            -1.827
  3608.375            -2.336
  3608.375            -1.666
  3608.375            -0.167
  3608.375             1.561
  3608.375             2.752
  3608.375             2.804
  3608.375             1.851
  3608.375             0.723
  3608.375             0.133
  3608.375            -0.020
  3608.375            -0.280
  3608.375            -0.782
  3608.375            -1.093
  3608.375            -0.954
  3608.375            -0.670
  3608.375            -0.564
  3608.375            -0.424
  3608.375            -0.037
  3608.375             0.016
  3608.375            -1.084
  3608.375            -2.758
  3608.375            -2.836
  3608.375             0.051
  3608.375             4.093
  3608.375             5.538
  3608.375             2.820
  3608.375            -1.359
  3608.375            -3.019
  3608.375            -1.495
  3608.375             0.129
  3608.375            -0.756
  3608.375            -3.002
  3608.375            -3.471
  3608.375            -1.193
  3608.375             1.478
  3608.375             1.672
  3608.375            -1.076
  3608.375            -4.770
  3608.375            -6.883
  3608.375            -6.096
  3608.375            -3.011
  3608.375             0.206
  3608.375             1.353
  3608.375             0.016
  3608.375            -2.183
  3608.375            -3.441
  3608.375            -3.603
  3608.375            -3.748
  3608.375            -4.331
  3608.375            -4.587
  3608.375            -3.924
  3608.375            -3.062
  3608.375            -3.111
  3608.375            -3.872
  3608.375            -3.888
  3608.375            -2.316
  3608.375            -0.112
  3608.375             1.070
  3608.375             0.777
  3608.375             0.069
  3608.375             0.033
  3608.375             0.530
  3608.375             0.563
  3608.375            -0.454
  3608.375            -2.106
  3608.375            -3.446
  3608.375            -3.746
  3608.375            -2.875
  3608.375            -1.282
  3608.375             0.268
  3608.375             1.140
  3608.375             1.171
  3608.375             0.567
  3608.375            -0.508
  3608.375            -1.989
  3608.375            -3.521
  3608.375            -4.366
  3608.375            -4.026
  3608.375            -2.828
  3608.375            -1.553
  3608.375            -0.616
  3608.375            -0.030
  3608.375            -0.099
  3608.375            -1.393
  3608.375            -3.631
  3608.375            -5.208
  3608.375            -4.658
  3608.375            -2.442
  3608.375            -0.495
  3608.375             0.145
  3608.375             0.430
  3608.375             1.549
  3608.375             2.800
  3608.375             2.241
  3608.375            -0.534
  3608.375            -3.264
  3608.375            -3.309
  3608.375            -0.702
  3608.375             1.754
  3608.375             1.495
  3608.375            -1.135
  3608.375            -3.476
  3608.375            -3.478
  3608.375            -1.634
  3608.375            -0.052
  3608.375            -0.070
  3608.375            -1.167
  3608.375            -2.084
  3608.375            -2.389
  3608.375            -2.518
  3608.375            -2.572
  3608.375            -1.970
  3608.375            -0.683
  3608.375            -0.074
  3608.375            -1.305
  3608.375            -2.974
  3608.375            -2.058
  3608.375             1.574
  3608.375             3.308
  3608.375            -0.673
  3608.375            -6.976
