%(high) frequency  (max) height       low frequency      integral
  3608.550            -1.358
  3608.550             2.673
  3608.550             2.779
  3608.550            -0.923
  3608.550            -3.629
  3608.550            -2.915
  3608.550            -1.203
  3608.550            -0.637
  3608.550            -0.167
  3608.550             0.971
  3608.550             1.112
  3608.550            -0.724
  3608.550            -2.680
  3608.550            -2.656
  3608.550            -1.008
  3608.550             0.484
  3608.550             0.927
  3608.550             0.676
  3608.550             0.306
  3608.550             0.051
  3608.550            -0.014
  3608.550             0.172
  3608.550             0.530
  3608.550             0.688
  3608.550             0.129
  3608.550            -1.291
  3608.550            -2.906
  3608.550            -3.562
  3608.550            -2.696
  3608.550            -1.033
  3608.550             0.083
  3608.550             0.077
  3608.550            -0.370
  3608.550            -0.291
  3608.550             0.363
  3608.550             0.743
  3608.550             0.198
  3608.550            -0.927
  3608.550            -1.721
  3608.550            -1.751
  3608.550            -1.425
  3608.550            -1.289
  3608.550            -1.255
  3608.550            -0.847
  3608.550            -0.102
  3608.550             0.272
  3608.550            -0.142
  3608.550            -0.753
  3608.550            -0.645
  3608.550             0.181
  3608.550             0.827
  3608.550             0.756
  3608.550             0.455
  3608.550             0.537
  3608.550             0.744
  3608.550             0.419
  3608.550            -0.297
  3608.550            -0.449
  3608.550             0.389
  3608.550             1.357
  3608.550             1.296
  3608.550             0.204
  3608.550            -0.771
  3608.550            -0.738
  3608.550            -0.016
  3608.550             0.464
  3608.550             0.332
  3608.550             0.010
  3608.550            -0.097
  3608.550            -0.142
  3608.550            -0.372
  3608.550            -0.500
  3608.550            -0.048
  3608.550             0.713
  3608.550             0.727
  3608.550            -0.575
  3608.550            -2.263
  3608.550            -2.701
  3608.550            -1.388
  3608.550             0.420
  3608.550             1.159
  3608.550             0.698
  3608.550             0.195
  3608.550             0.372
  3608.550             0.569
  3608.550            -0.116
  3608.550            -1.268
  3608.550            -1.559
  3608.550            -0.721
  3608.550            -0.116
  3608.550            -0.769
  3608.550            -1.732
  3608.550            -1.423
  3608.550            -0.021
  3608.550             0.822
  3608.550             0.418
  3608.550            -0.268
  3608.550            -0.370
  3608.550            -0.095
  3608.550             0.273
  3608.550             0.853
  3608.550             1.262
  3608.550             0.677
  3608.550            -0.622
  3608.550            -1.087
  3608.550            -0.110
  3608.550             0.725
  3608.550            -0.350
  3608.550            -2.676
  3608.550            -3.691
  3608.550            -2.022
  3608.550             0.818
  3608.550             2.087
  3608.550             0.773
  3608.550            -1.477
  3608.550            -2.306
  3608.550            -1.232
  3608.550             0.002
  3608.550            -0.351
  3608.550            -1.923
  3608.550            -2.744
  3608.550            -1.644
  3608.550             0.480
  3608.550             1.898
  3608.550             1.911
  3608.550             1.109
  3608.550             0.237
  3608.550            -0.513
  3608.550            -1.124
  3608.550            -1.271
  3608.550            -0.610
  3608.550             0.609
  3608.550             1.543
  3608.550             1.513
  3608.550             0.731
  3608.550             0.062
  3608.550             0.012
  3608.550             0.140
  3608.550            -0.266
  3608.550            -1.147
  3608.550            -1.708
  3608.550            -1.463
  3608.550            -0.712
  3608.550             0.095
  3608.550             0.876
  3608.550             1.551
  3608.550             1.741
  3608.550             1.319
  3608.550             0.789
  3608.550             0.609
  3608.550             0.515
  3608.550             0.076
  3608.550            -0.441
  3608.550            -0.447
  3608.550            -0.004
  3608.550             0.280
  3608.550             0.200
  3608.550             0.082
  3608.550            -0.049
  3608.550            -0.626
  3608.550            -1.561
  3608.550            -1.800
  3608.550            -0.505
  3608.550             1.509
  3608.550             2.309
  3608.550             1.076
  3608.550            -0.748
  3608.550            -1.093
  3608.550             0.268
  3608.550             1.598
  3608.550             1.524
  3608.550             0.651
  3608.550             0.424
  3608.550             1.018
  3608.550             1.212
  3608.550             0.296
  3608.550            -0.820
  3608.550            -0.922
  3608.550            -0.251
  3608.550            -0.020
  3608.550            -0.454
  3608.550            -0.542
  3608.550             0.086
  3608.550             0.335
  3608.550            -0.554
  3608.550            -1.530
  3608.550            -1.223
  3608.550            -0.148
  3608.550             0.010
  3608.550            -1.054
  3608.550            -1.881
  3608.550            -1.454
  3608.550            -0.427
  3608.550             0.140
  3608.550             0.083
  3608.550            -0.290
  3608.550            -0.866
  3608.550            -1.350
  3608.550            -1.118
  3608.550            -0.195
  3608.550             0.369
  3608.550            -0.151
  3608.550            -1.040
  3608.550            -1.192
  3608.550            -0.713
  3608.550            -0.523
  3608.550            -0.768
  3608.550            -0.717
  3608.550            -0.113
  3608.550             0.425
  3608.550             0.511
  3608.550             0.583
  3608.550             1.033
  3608.550             1.458
  3608.550             1.229
  3608.550             0.389
  3608.550            -0.405
  3608.550            -0.590
  3608.550            -0.154
  3608.550             0.457
  3608.550             0.803
  3608.550             0.902
  3608.550             1.009
  3608.550             0.895
  3608.550            -0.003
  3608.550            -1.285
  3608.550            -1.417
  3608.550             0.111
  3608.550             1.418
  3608.550             0.609
  3608.550            -1.285
  3608.550            -1.819
  3608.550            -0.959
  3608.550            -0.744
  3608.550            -1.436
  3608.550            -1.300
  3608.550            -0.362
  3608.550            -0.524
  3608.550            -1.157
  3608.550             0.763
  3608.550             4.495
  3608.550             5.133
  3608.550             3.318
  3608.550             9.529
  3608.550            29.945
  3608.550            48.596
  3608.550            43.441
  3608.550            28.284
  3608.550            32.603
  3608.550            45.475
  3608.550            40.258
  3608.550            20.564
  3608.550             5.568
  3608.550             2.469
  3608.550             4.301
  3608.550             3.556
  3608.550             0.874
  3608.550             0.146
  3608.550             1.167
  3608.550             1.100
  3608.550             0.010
  3608.550             0.347
  3608.550             2.076
  3608.550             2.424
  3608.550             0.602
  3608.550            -0.773
  3608.550             0.121
  3608.550             1.624
  3608.550             1.576
  3608.550             0.590
  3608.550             0.422
  3608.550             0.915
  3608.550             0.974
  3608.550             1.240
  3608.550             2.873
  3608.550             4.137
  3608.550             2.038
  3608.550            -1.035
  3608.550             4.189
  3608.550            23.203
  3608.550            43.834
  3608.550            42.045
  3608.550            20.163
  3608.550            16.047
  3608.550            38.228
  3608.550            49.191
  3608.550            33.619
  3608.550            13.176
  3608.550             4.254
  3608.550             3.964
  3608.550             4.138
  3608.550             2.325
  3608.550             0.699
  3608.550             0.569
  3608.550             0.908
  3608.550             0.751
  3608.550             0.468
  3608.550             0.527
  3608.550             0.646
  3608.550             0.654
  3608.550             1.013
  3608.550             1.821
  3608.550             2.223
  3608.550             1.631
  3608.550             0.818
  3608.550             0.844
  3608.550             1.384
  3608.550             1.250
  3608.550             0.397
  3608.550             0.171
  3608.550             1.232
  3608.550             2.333
  3608.550             1.952
  3608.550             0.434
  3608.550            -0.452
  3608.550             0.164
  3608.550             1.316
  3608.550             1.664
  3608.550             1.086
  3608.550             0.391
  3608.550             0.011
  3608.550            -0.397
  3608.550            -1.161
  3608.550            -1.955
  3608.550            -2.125
  3608.550            -1.438
  3608.550            -0.315
  3608.550             0.570
  3608.550             0.798
  3608.550             0.373
  3608.550            -0.389
  3608.550            -1.069
  3608.550            -1.345
  3608.550            -1.141
  3608.550            -0.606
  3608.550             0.090
  3608.550             0.827
  3608.550             1.325
  3608.550             1.108
  3608.550             0.043
  3608.550            -1.113
  3608.550            -1.211
  3608.550            -0.031
  3608.550             1.269
  3608.550             1.396
  3608.550             0.361
  3608.550            -0.738
  3608.550            -1.107
  3608.550            -0.824
  3608.550            -0.163
  3608.550             0.831
  3608.550             1.863
  3608.550             2.222
  3608.550             1.622
  3608.550             0.785
  3608.550             0.628
  3608.550             1.124
  3608.550             1.494
  3608.550             1.321
  3608.550             0.907
  3608.550             0.630
  3608.550             0.486
  3608.550             0.323
  3608.550             0.109
  3608.550            -0.077
  3608.550            -0.024
  3608.550             0.537
  3608.550             1.424
  3608.550             1.783
  3608.550             0.998
  3608.550            -0.233
  3608.550            -0.532
  3608.550             0.360
  3608.550             1.226
  3608.550             1.081
  3608.550             0.319
  3608.550            -0.263
  3608.550            -0.652
  3608.550            -1.009
  3608.550            -0.853
  3608.550             0.095
  3608.550             0.839
  3608.550             0.258
  3608.550            -1.073
  3608.550            -1.493
  3608.550            -0.573
  3608.550             0.680
  3608.550             1.657
  3608.550             2.702
  3608.550             3.548
  3608.550             3.500
  3608.550             3.598
  3608.550             7.507
  3608.550            24.669
  3608.550            80.977
  3608.550           133.088
  3608.550           100.651
  3608.550            39.271
  3608.550            15.407
  3608.550             7.614
  3608.550             3.249
  3608.550             2.070
  3608.550             1.861
  3608.550             1.580
  3608.550             1.021
  3608.550             0.580
  3608.550             0.410
  3608.550             0.661
  3608.550             1.253
  3608.550             1.944
  3608.550             2.298
  3608.550             1.865
  3608.550             0.510
  3608.550            -1.097
  3608.550            -1.873
  3608.550            -1.357
  3608.550            -0.163
  3608.550             0.879
  3608.550             1.509
  3608.550             1.710
  3608.550             1.185
  3608.550            -0.151
  3608.550            -1.543
  3608.550            -1.970
  3608.550            -1.316
  3608.550            -0.343
  3608.550             0.400
  3608.550             0.963
  3608.550             1.236
  3608.550             0.631
  3608.550            -0.999
  3608.550            -2.592
  3608.550            -2.745
  3608.550            -1.352
  3608.550             0.113
  3608.550             0.186
  3608.550            -0.979
  3608.550            -1.931
  3608.550            -1.757
  3608.550            -1.088
  3608.550            -1.009
  3608.550            -1.464
  3608.550            -1.481
  3608.550            -0.774
  3608.550            -0.154
  3608.550            -0.150
  3608.550            -0.194
  3608.550             0.245
  3608.550             0.672
  3608.550             0.591
  3608.550             0.681
  3608.550             1.737
  3608.550             2.956
  3608.550             2.728
  3608.550             0.960
  3608.550            -0.772
  3608.550            -1.431
  3608.550            -1.401
  3608.550            -1.007
  3608.550             0.157
  3608.550             1.786
  3608.550             2.386
  3608.550             1.318
  3608.550             0.040
  3608.550             0.107
  3608.550             1.035
  3608.550             1.474
  3608.550             1.475
  3608.550             1.946
  3608.550             2.572
  3608.550             2.158
  3608.550             0.811
  3608.550            -0.021
  3608.550             0.167
  3608.550             0.294
  3608.550            -0.318
  3608.550            -0.846
  3608.550            -0.546
  3608.550            -0.077
  3608.550            -0.360
  3608.550            -1.113
  3608.550            -1.523
  3608.550            -1.621
  3608.550            -1.959
  3608.550            -2.346
  3608.550            -1.932
  3608.550            -0.526
  3608.550             0.906
  3608.550             1.235
  3608.550             0.314
  3608.550            -0.912
  3608.550            -1.332
  3608.550            -0.738
  3608.550             0.003
  3608.550             0.015
  3608.550            -0.511
  3608.550            -0.703
  3608.550            -0.282
  3608.550             0.169
  3608.550             0.193
  3608.550            -0.037
  3608.550            -0.263
  3608.550            -0.444
  3608.550            -0.378
  3608.550             0.200
  3608.550             1.036
  3608.550             1.648
  3608.550             2.057
  3608.550             2.166
  3608.550             0.917
  3608.550            -2.030
  3608.550            -4.122
