%(high) frequency  (max) height       low frequency      integral
  3608.550            -4.310
  3608.550            -1.240
  3608.550             1.114
  3608.550             1.363
  3608.550             0.557
  3608.550            -0.035
  3608.550            -0.570
  3608.550            -1.526
  3608.550            -2.369
  3608.550            -2.192
  3608.550            -0.937
  3608.550             0.570
  3608.550             1.353
  3608.550             0.908
  3608.550            -0.305
  3608.550            -0.993
  3608.550            -0.439
  3608.550             0.283
  3608.550            -0.484
  3608.550            -2.488
  3608.550            -3.537
  3608.550            -2.388
  3608.550            -0.389
  3608.550             0.478
  3608.550             0.041
  3608.550            -0.603
  3608.550            -0.998
  3608.550            -1.341
  3608.550            -1.263
  3608.550            -0.198
  3608.550             1.222
  3608.550             1.616
  3608.550             0.876
  3608.550             0.430
  3608.550             1.081
  3608.550             1.773
  3608.550             1.211
  3608.550            -0.153
  3608.550            -0.714
  3608.550             0.135
  3608.550             1.310
  3608.550             1.510
  3608.550             0.724
  3608.550             0.032
  3608.550             0.240
  3608.550             1.088
  3608.550             1.771
  3608.550             1.923
  3608.550             1.756
  3608.550             1.414
  3608.550             0.725
  3608.550            -0.165
  3608.550            -0.479
  3608.550             0.254
  3608.550             1.224
  3608.550             1.086
  3608.550            -0.239
  3608.550            -1.261
  3608.550            -0.800
  3608.550             0.481
  3608.550             1.029
  3608.550             0.454
  3608.550            -0.221
  3608.550            -0.246
  3608.550            -0.107
  3608.550            -0.480
  3608.550            -1.030
  3608.550            -0.946
  3608.550            -0.216
  3608.550             0.439
  3608.550             0.715
  3608.550             1.000
  3608.550             1.463
  3608.550             1.615
  3608.550             1.071
  3608.550             0.213
  3608.550            -0.304
  3608.550            -0.343
  3608.550            -0.213
  3608.550            -0.083
  3608.550             0.119
  3608.550             0.293
  3608.550             0.125
  3608.550            -0.363
  3608.550            -0.605
  3608.550            -0.192
  3608.550             0.407
  3608.550             0.362
  3608.550            -0.346
  3608.550            -0.889
  3608.550            -0.830
  3608.550            -0.686
  3608.550            -0.959
  3608.550            -1.341
  3608.550            -1.379
  3608.550            -1.219
  3608.550            -1.101
  3608.550            -0.777
  3608.550            -0.159
  3608.550             0.119
  3608.550            -0.391
  3608.550            -1.077
  3608.550            -1.178
  3608.550            -0.959
  3608.550            -1.007
  3608.550            -0.970
  3608.550            -0.186
  3608.550             0.879
  3608.550             1.158
  3608.550             0.730
  3608.550             0.700
  3608.550             1.341
  3608.550             1.648
  3608.550             0.994
  3608.550             0.072
  3608.550            -0.227
  3608.550             0.079
  3608.550             0.523
  3608.550             0.951
  3608.550             1.286
  3608.550             1.175
  3608.550             0.418
  3608.550            -0.647
  3608.550            -1.553
  3608.550            -2.097
  3608.550            -2.125
  3608.550            -1.436
  3608.550            -0.244
  3608.550             0.764
  3608.550             1.192
  3608.550             1.293
  3608.550             1.309
  3608.550             1.049
  3608.550             0.530
  3608.550             0.331
  3608.550             0.674
  3608.550             0.800
  3608.550             0.122
  3608.550            -0.575
  3608.550            -0.187
  3608.550             0.810
  3608.550             0.830
  3608.550            -0.435
  3608.550            -1.445
  3608.550            -1.025
  3608.550             0.109
  3608.550             0.704
  3608.550             0.782
  3608.550             1.131
  3608.550             1.783
  3608.550             2.090
  3608.550             1.866
  3608.550             1.439
  3608.550             0.835
  3608.550            -0.138
  3608.550            -1.106
  3608.550            -1.296
  3608.550            -0.518
  3608.550             0.612
  3608.550             1.387
  3608.550             1.517
  3608.550             1.136
  3608.550             0.692
  3608.550             0.553
  3608.550             0.520
  3608.550             0.185
  3608.550            -0.212
  3608.550            -0.096
  3608.550             0.320
  3608.550             0.299
  3608.550            -0.116
  3608.550            -0.459
  3608.550            -1.238
  3608.550            -3.102
  3608.550            -4.727
  3608.550            -3.957
  3608.550            -1.425
  3608.550            -0.355
  3608.550            -1.835
  3608.550            -2.944
  3608.550            -1.180
  3608.550             1.684
  3608.550             2.365
  3608.550             0.886
  3608.550            -0.034
  3608.550             0.612
  3608.550             1.106
  3608.550             0.295
  3608.550            -0.614
  3608.550            -0.256
  3608.550             0.758
  3608.550             0.985
  3608.550             0.244
  3608.550            -0.462
  3608.550            -0.448
  3608.550             0.109
  3608.550             0.714
  3608.550             1.000
  3608.550             0.838
  3608.550             0.444
  3608.550             0.154
  3608.550            -0.094
  3608.550            -0.681
  3608.550            -1.507
  3608.550            -1.858
  3608.550            -1.448
  3608.550            -1.002
  3608.550            -1.233
  3608.550            -1.760
  3608.550            -1.705
  3608.550            -0.978
  3608.550            -0.208
  3608.550             0.299
  3608.550             0.709
  3608.550             1.003
  3608.550             1.003
  3608.550             0.927
  3608.550             1.156
  3608.550             1.600
  3608.550             1.972
  3608.550             2.140
  3608.550             1.673
  3608.550             0.825
  3608.550             3.711
  3608.550            16.735
  3608.550            37.811
  3608.550            48.436
  3608.550            36.461
  3608.550            28.466
  3608.550            43.687
  3608.550            49.861
  3608.550            29.741
  3608.550             8.729
  3608.550             2.553
  3608.550             3.943
  3608.550             3.850
  3608.550             1.787
  3608.550             1.091
  3608.550             2.312
  3608.550             3.311
  3608.550             2.618
  3608.550             0.751
  3608.550            -0.792
  3608.550            -0.839
  3608.550             0.452
  3608.550             1.419
  3608.550             0.456
  3608.550            -1.901
  3608.550            -3.334
  3608.550            -2.595
  3608.550            -0.949
  3608.550            -0.087
  3608.550             0.244
  3608.550             1.274
  3608.550             2.666
  3608.550             2.670
  3608.550             0.788
  3608.550            -1.263
  3608.550            -1.811
  3608.550            -1.242
  3608.550            -0.998
  3608.550            -1.437
  3608.550            -1.664
  3608.550            -1.019
  3608.550             0.181
  3608.550             1.171
  3608.550             1.320
  3608.550             0.434
  3608.550            -0.814
  3608.550            -1.027
  3608.550             0.389
  3608.550             1.996
  3608.550             1.824
  3608.550             0.290
  3608.550             0.063
  3608.550             2.067
  3608.550             3.261
  3608.550             0.990
  3608.550            -0.415
  3608.550             8.968
  3608.550            31.882
  3608.550            49.204
  3608.550            35.152
  3608.550            11.537
  3608.550            22.209
  3608.550            46.040
  3608.550            42.258
  3608.550            21.189
  3608.550             6.261
  3608.550             1.301
  3608.550             0.542
  3608.550            -0.187
  3608.550            -1.041
  3608.550            -1.072
  3608.550            -0.501
  3608.550            -0.302
  3608.550            -0.717
  3608.550            -1.070
  3608.550            -0.854
  3608.550            -0.419
  3608.550            -0.342
  3608.550            -0.528
  3608.550            -0.410
  3608.550             0.055
  3608.550             0.209
  3608.550            -0.270
  3608.550            -0.665
  3608.550            -0.111
  3608.550             1.097
  3608.550             1.738
  3608.550             1.208
  3608.550             0.202
  3608.550            -0.288
  3608.550            -0.068
  3608.550             0.471
  3608.550             1.015
  3608.550             1.273
  3608.550             0.801
  3608.550            -0.400
  3608.550            -1.381
  3608.550            -1.121
  3608.550             0.150
  3608.550             1.202
  3608.550             1.314
  3608.550             0.805
  3608.550             0.094
  3608.550            -0.829
  3608.550            -1.745
  3608.550            -1.986
  3608.550            -1.403
  3608.550            -0.777
  3608.550            -0.664
  3608.550            -0.587
  3608.550            -0.097
  3608.550             0.194
  3608.550            -0.369
  3608.550            -1.064
  3608.550            -0.689
  3608.550             0.482
  3608.550             1.013
  3608.550             0.486
  3608.550            -0.020
  3608.550             0.192
  3608.550             0.533
  3608.550             0.492
  3608.550             0.527
  3608.550             0.900
  3608.550             0.921
  3608.550             0.241
  3608.550            -0.274
  3608.550            -0.005
  3608.550             0.161
  3608.550            -0.675
  3608.550            -1.656
  3608.550            -1.420
  3608.550            -0.390
  3608.550            -0.100
  3608.550            -0.670
  3608.550            -0.825
  3608.550            -0.374
  3608.550            -0.632
  3608.550            -1.885
  3608.550            -2.355
  3608.550            -0.782
  3608.550             1.445
  3608.550             2.098
  3608.550             1.093
  3608.550             0.211
  3608.550             0.368
  3608.550             0.652
  3608.550             0.108
  3608.550            -0.858
  3608.550            -1.290
  3608.550            -1.021
  3608.550            -0.539
  3608.550            -0.081
  3608.550             0.427
  3608.550             0.733
  3608.550             0.288
  3608.550            -0.876
  3608.550            -1.801
  3608.550            -1.616
  3608.550            -0.678
  3608.550            -0.200
  3608.550            -0.707
  3608.550            -1.412
  3608.550            -1.392
  3608.550            -0.861
  3608.550            -0.637
  3608.550            -0.766
  3608.550            -0.537
  3608.550             0.130
  3608.550             0.344
  3608.550            -0.308
  3608.550            -0.820
  3608.550            -0.126
  3608.550             1.251
  3608.550             1.843
  3608.550             1.294
  3608.550             0.562
  3608.550             0.192
  3608.550            -0.461
  3608.550            -1.666
  3608.550            -2.352
  3608.550            -1.558
  3608.550            -0.188
  3608.550             0.298
  3608.550             0.098
  3608.550             0.791
  3608.550             2.314
  3608.550             3.094
  3608.550             2.666
  3608.550             4.736
  3608.550            17.014
  3608.550            63.768
  3608.550           124.485
  3608.550           114.489
  3608.550            52.729
  3608.550            18.075
  3608.550             7.918
  3608.550             3.834
  3608.550             3.320
  3608.550             3.346
  3608.550             2.860
  3608.550             2.234
  3608.550             2.291
  3608.550             2.429
  3608.550             1.881
  3608.550             0.937
  3608.550             0.635
  3608.550             1.095
  3608.550             1.469
  3608.550             1.135
  3608.550             0.398
  3608.550            -0.189
  3608.550            -0.327
  3608.550             0.150
  3608.550             1.265
  3608.550             2.383
  3608.550             2.460
  3608.550             1.207
  3608.550            -0.361
  3608.550            -1.039
  3608.550            -0.704
  3608.550            -0.108
  3608.550             0.230
  3608.550             0.306
  3608.550             0.170
  3608.550            -0.125
  3608.550            -0.189
  3608.550             0.319
  3608.550             0.938
  3608.550             0.745
  3608.550            -0.306
  3608.550            -1.122
  3608.550            -0.894
  3608.550            -0.154
  3608.550             0.158
  3608.550             0.075
  3608.550             0.291
  3608.550             0.800
  3608.550             0.858
  3608.550             0.323
  3608.550             0.099
  3608.550             0.803
  3608.550             1.720
  3608.550             1.690
  3608.550             0.644
  3608.550            -0.436
  3608.550            -0.866
  3608.550            -0.900
  3608.550            -0.954
  3608.550            -0.918
  3608.550            -0.580
  3608.550            -0.278
  3608.550            -0.507
  3608.550            -1.023
  3608.550            -0.941
  3608.550             0.084
  3608.550             1.245
  3608.550             1.543
  3608.550             1.032
  3608.550             0.571
  3608.550             0.455
  3608.550             0.043
  3608.550            -1.019
  3608.550            -1.939
  3608.550            -1.824
  3608.550            -1.076
  3608.550            -0.828
  3608.550            -1.144
  3608.550            -0.937
  3608.550             0.131
  3608.550             0.889
  3608.550             0.453
  3608.550            -0.332
  3608.550            -0.291
  3608.550             0.166
  3608.550            -0.068
  3608.550            -0.704
  3608.550            -0.553
  3608.550             0.264
  3608.550             0.418
  3608.550            -0.344
  3608.550            -0.768
  3608.550            -0.122
  3608.550             0.921
  3608.550             1.520
  3608.550             1.286
  3608.550            -0.224
  3608.550            -2.909
  3608.550            -5.013
