%(high) frequency  (max) height       low frequency      integral
  3608.701            -2.767
  3608.701            -2.202
  3608.701            -1.169
  3608.701             0.037
  3608.701             1.070
  3608.701             1.695
  3608.701             1.874
  3608.701             1.733
  3608.701             1.459
  3608.701             1.203
  3608.701             1.029
  3608.701             0.926
  3608.701             0.835
  3608.701             0.699
  3608.701             0.491
  3608.701             0.226
  3608.701            -0.051
  3608.701            -0.288
  3608.701            -0.457
  3608.701            -0.566
  3608.701            -0.654
  3608.701            -0.771
  3608.701            -0.951
  3608.701            -1.185
  3608.701            -1.424
  3608.701            -1.588
  3608.701            -1.601
  3608.701            -1.428
  3608.701            -1.097
  3608.701            -0.699
  3608.701            -0.361
  3608.701            -0.204
  3608.701            -0.296
  3608.701            -0.619
  3608.701            -1.072
  3608.701            -1.500
  3608.701            -1.747
  3608.701            -1.712
  3608.701            -1.384
  3608.701            -0.840
  3608.701            -0.220
  3608.701             0.333
  3608.701             0.716
  3608.701             0.893
  3608.701             0.892
  3608.701             0.771
  3608.701             0.583
  3608.701             0.353
  3608.701             0.079
  3608.701            -0.241
  3608.701            -0.582
  3608.701            -0.878
  3608.701            -1.037
  3608.701            -0.974
  3608.701            -0.652
  3608.701            -0.108
  3608.701             0.551
  3608.701             1.179
  3608.701             1.639
  3608.701             1.843
  3608.701             1.776
  3608.701             1.490
  3608.701             1.079
  3608.701             0.650
  3608.701             0.288
  3608.701             0.047
  3608.701            -0.059
  3608.701            -0.042
  3608.701             0.066
  3608.701             0.231
  3608.701             0.418
  3608.701             0.596
  3608.701             0.737
  3608.701             0.825
  3608.701             0.848
  3608.701             0.810
  3608.701             0.725
  3608.701             0.612
  3608.701             0.496
  3608.701             0.391
  3608.701             0.303
  3608.701             0.224
  3608.701             0.140
  3608.701             0.035
  3608.701            -0.096
  3608.701            -0.245
  3608.701            -0.392
  3608.701            -0.511
  3608.701            -0.579
  3608.701            -0.586
  3608.701            -0.537
  3608.701            -0.450
  3608.701            -0.352
  3608.701            -0.264
  3608.701            -0.196
  3608.701            -0.141
  3608.701            -0.081
  3608.701             0.005
  3608.701             0.131
  3608.701             0.294
  3608.701             0.473
  3608.701             0.628
  3608.701             0.714
  3608.701             0.691
  3608.701             0.540
  3608.701             0.271
  3608.701            -0.076
  3608.701            -0.431
  3608.701            -0.717
  3608.701            -0.866
  3608.701            -0.844
  3608.701            -0.662
  3608.701            -0.375
  3608.701            -0.066
  3608.701             0.179
  3608.701             0.307
  3608.701             0.316
  3608.701             0.263
  3608.701             0.244
  3608.701             0.362
  3608.701             0.683
  3608.701             1.206
  3608.701             1.841
  3608.701             2.434
  3608.701             2.810
  3608.701             2.840
  3608.701             2.497
  3608.701             1.876
  3608.701             1.157
  3608.701             0.548
  3608.701             0.198
  3608.701             0.151
  3608.701             0.343
  3608.701             0.643
  3608.701             0.914
  3608.701             1.064
  3608.701             1.071
  3608.701             0.970
  3608.701             0.820
  3608.701             0.675
  3608.701             0.557
  3608.701             0.462
  3608.701             0.371
  3608.701             0.274
  3608.701             0.178
  3608.701             0.116
  3608.701             0.128
  3608.701             0.243
  3608.701             0.456
  3608.701             0.725
  3608.701             0.982
  3608.701             1.151
  3608.701             1.176
  3608.701             1.039
  3608.701             0.771
  3608.701             0.438
  3608.701             0.118
  3608.701            -0.125
  3608.701            -0.255
  3608.701            -0.274
  3608.701            -0.209
  3608.701            -0.098
  3608.701             0.032
  3608.701             0.174
  3608.701             0.339
  3608.701             0.533
  3608.701             0.748
  3608.701             0.950
  3608.701             1.082
  3608.701             1.081
  3608.701             0.908
  3608.701             0.572
  3608.701             0.143
  3608.701            -0.268
  3608.701            -0.548
  3608.701            -0.616
  3608.701            -0.459
  3608.701            -0.145
  3608.701             0.195
  3608.701             0.420
  3608.701             0.442
  3608.701             0.258
  3608.701            -0.052
  3608.701            -0.351
  3608.701            -0.506
  3608.701            -0.441
  3608.701            -0.181
  3608.701             0.167
  3608.701             0.477
  3608.701             0.661
  3608.701             0.694
  3608.701             0.604
  3608.701             0.454
  3608.701             0.310
  3608.701             0.205
  3608.701             0.132
  3608.701             0.089
  3608.701             0.112
  3608.701             0.251
  3608.701             0.523
  3608.701             0.890
  3608.701             1.286
  3608.701             1.635
  3608.701             1.839
  3608.701             1.814
  3608.701             1.584
  3608.701             1.290
  3608.701             1.070
  3608.701             0.959
  3608.701             0.947
  3608.701             1.070
  3608.701             1.315
  3608.701             1.474
  3608.701             1.313
  3608.701             0.952
  3608.701             0.802
  3608.701             0.897
  3608.701             0.716
  3608.701             0.555
  3608.701             3.340
  3608.701            13.931
  3608.701            34.709
  3608.701            60.863
  3608.701            80.901
  3608.701            83.808
  3608.701            67.369
  3608.701            40.097
  3608.701            14.875
  3608.701             0.131
  3608.701            -3.988
  3608.701            -2.563
  3608.701            -0.410
  3608.701             0.677
  3608.701             0.988
  3608.701             0.962
  3608.701             0.590
  3608.701            -0.062
  3608.701            -0.579
  3608.701            -0.592
  3608.701            -0.145
  3608.701             0.468
  3608.701             1.029
  3608.701             1.408
  3608.701             1.419
  3608.701             0.908
  3608.701             0.019
  3608.701            -0.878
  3608.701            -1.645
  3608.701            -2.443
  3608.701            -2.878
  3608.701            -0.992
  3608.701             6.182
  3608.701            20.036
  3608.701            37.770
  3608.701            52.689
  3608.701            58.070
  3608.701            51.681
  3608.701            37.097
  3608.701            20.844
  3608.701             8.119
  3608.701             0.640
  3608.701            -2.518
  3608.701            -2.947
  3608.701            -1.854
  3608.701            -0.158
  3608.701             1.271
  3608.701             1.828
  3608.701             1.477
  3608.701             0.692
  3608.701             0.065
  3608.701            -0.030
  3608.701             0.444
  3608.701             1.256
  3608.701             2.046
  3608.701             2.468
  3608.701             2.275
  3608.701             1.384
  3608.701             0.004
  3608.701            -1.317
  3608.701            -2.001
  3608.701            -1.913
  3608.701            -1.253
  3608.701             0.525
  3608.701             5.606
  3608.701            16.690
  3608.701            33.786
  3608.701            51.831
  3608.701            62.437
  3608.701            59.461
  3608.701            43.857
  3608.701            23.286
  3608.701             6.675
  3608.701            -1.454
  3608.701            -2.375
  3608.701            -0.200
  3608.701             1.822
  3608.701             2.674
  3608.701             2.645
  3608.701             2.105
  3608.701             1.208
  3608.701             0.191
  3608.701            -0.579
  3608.701            -0.869
  3608.701            -0.748
  3608.701            -0.452
  3608.701            -0.190
  3608.701            -0.077
  3608.701            -0.163
  3608.701            -0.425
  3608.701            -0.736
  3608.701            -0.923
  3608.701            -0.869
  3608.701            -0.568
  3608.701            -0.102
  3608.701             0.412
  3608.701             0.850
  3608.701             1.108
  3608.701             1.146
  3608.701             1.004
  3608.701             0.765
  3608.701             0.513
  3608.701             0.297
  3608.701             0.129
  3608.701            -0.009
  3608.701            -0.151
  3608.701            -0.326
  3608.701            -0.530
  3608.701            -0.722
  3608.701            -0.844
  3608.701            -0.851
  3608.701            -0.729
  3608.701            -0.497
  3608.701            -0.211
  3608.701             0.063
  3608.701             0.266
  3608.701             0.376
  3608.701             0.407
  3608.701             0.397
  3608.701             0.376
  3608.701             0.356
  3608.701             0.315
  3608.701             0.206
  3608.701            -0.021
  3608.701            -0.389
  3608.701            -0.866
  3608.701            -1.368
  3608.701            -1.783
  3608.701            -2.003
  3608.701            -1.970
  3608.701            -1.694
  3608.701            -1.254
  3608.701            -0.764
  3608.701            -0.320
  3608.701             0.043
  3608.701             0.365
  3608.701             0.735
  3608.701             1.232
  3608.701             1.857
  3608.701             2.494
  3608.701             2.942
  3608.701             3.011
  3608.701             2.632
  3608.701             1.918
  3608.701             1.119
  3608.701             0.489
  3608.701             0.151
  3608.701             0.048
  3608.701             0.006
  3608.701            -0.132
  3608.701            -0.394
  3608.701            -0.669
  3608.701            -0.789
  3608.701            -0.642
  3608.701            -0.249
  3608.701             0.245
  3608.701             0.644
  3608.701             0.792
  3608.701             0.647
  3608.701             0.291
  3608.701            -0.113
  3608.701            -0.394
  3608.701            -0.451
  3608.701            -0.283
  3608.701             0.014
  3608.701             0.298
  3608.701             0.447
  3608.701             0.414
  3608.701             0.249
  3608.701             0.071
  3608.701             0.018
  3608.701             0.180
  3608.701             0.557
  3608.701             1.047
  3608.701             1.485
  3608.701             1.699
  3608.701             1.582
  3608.701             1.133
  3608.701             0.465
  3608.701            -0.240
  3608.701            -0.788
  3608.701            -1.053
  3608.701            -1.015
  3608.701            -0.768
  3608.701            -0.479
  3608.701            -0.317
  3608.701            -0.386
  3608.701            -0.672
  3608.701            -1.053
  3608.701            -1.346
  3608.701            -1.385
  3608.701            -1.103
  3608.701            -0.560
  3608.701             0.079
  3608.701             0.628
  3608.701             0.969
  3608.701             1.099
  3608.701             1.117
  3608.701             1.139
  3608.701             1.234
  3608.701             1.379
  3608.701             1.492
  3608.701             1.488
  3608.701             1.333
  3608.701             1.060
  3608.701             0.742
  3608.701             0.462
  3608.701             0.271
  3608.701             0.178
  3608.701             0.158
  3608.701             0.166
  3608.701             0.161
  3608.701             0.127
  3608.701             0.069
  3608.701             0.009
  3608.701            -0.032
  3608.701            -0.051
  3608.701            -0.068
  3608.701            -0.118
  3608.701            -0.229
  3608.701            -0.400
  3608.701            -0.596
  3608.701            -0.751
  3608.701            -0.803
  3608.701            -0.718
  3608.701            -0.514
  3608.701            -0.257
  3608.701            -0.035
  3608.701             0.081
  3608.701             0.066
  3608.701            -0.046
  3608.701            -0.180
  3608.701            -0.260
  3608.701            -0.239
  3608.701            -0.126
  3608.701             0.024
  3608.701             0.133
  3608.701             0.145
  3608.701             0.050
  3608.701            -0.106
  3608.701            -0.239
  3608.701            -0.266
  3608.701            -0.143
  3608.701             0.108
  3608.701             0.403
  3608.701             0.621
  3608.701             0.655
  3608.701             0.452
  3608.701             0.040
  3608.701            -0.478
  3608.701            -0.956
  3608.701            -1.253
  3608.701            -1.285
  3608.701            -1.047
  3608.701            -0.617
  3608.701            -0.124
  3608.701             0.300
  3608.701             0.560
  3608.701             0.634
  3608.701             0.567
  3608.701             0.449
  3608.701             0.374
  3608.701             0.398
  3608.701             0.524
  3608.701             0.694
  3608.701             0.820
  3608.701             0.819
  3608.701             0.648
  3608.701             0.323
  3608.701            -0.089
  3608.701            -0.490
  3608.701            -0.790
  3608.701            -0.935
  3608.701            -0.923
  3608.701            -0.797
  3608.701            -0.620
  3608.701            -0.446
  3608.701            -0.293
  3608.701            -0.144
  3608.701             0.044
  3608.701             0.307
  3608.701             0.643
  3608.701             1.001
  3608.701             1.290
  3608.701             1.413
  3608.701             1.313
  3608.701             0.998
  3608.701             0.515
  3608.701            -0.089
  3608.701            -0.790
  3608.701            -1.555
  3608.701            -2.278
  3608.701            -2.756
