%(high) frequency  (max) height       low frequency      integral
  3608.550             0.995
  3608.550             0.835
  3608.550             0.254
  3608.550            -0.405
  3608.550            -0.609
  3608.550            -0.356
  3608.550            -0.134
  3608.550            -0.055
  3608.550             0.291
  3608.550             0.920
  3608.550             1.160
  3608.550             0.678
  3608.550             0.066
  3608.550            -0.136
  3608.550            -0.258
  3608.550            -0.700
  3608.550            -1.040
  3608.550            -0.800
  3608.550            -0.517
  3608.550            -1.025
  3608.550            -2.042
  3608.550            -2.478
  3608.550            -1.949
  3608.550            -1.080
  3608.550            -0.403
  3608.550             0.160
  3608.550             0.725
  3608.550             1.137
  3608.550             1.305
  3608.550             1.252
  3608.550             0.874
  3608.550             0.150
  3608.550            -0.480
  3608.550            -0.523
  3608.550            -0.155
  3608.550            -0.010
  3608.550            -0.325
  3608.550            -0.751
  3608.550            -0.945
  3608.550            -0.896
  3608.550            -0.725
  3608.550            -0.578
  3608.550            -0.664
  3608.550            -1.011
  3608.550            -1.225
  3608.550            -0.914
  3608.550            -0.299
  3608.550            -0.016
  3608.550            -0.291
  3608.550            -0.704
  3608.550            -0.819
  3608.550            -0.658
  3608.550            -0.470
  3608.550            -0.356
  3608.550            -0.242
  3608.550            -0.000
  3608.550             0.413
  3608.550             0.756
  3608.550             0.548
  3608.550            -0.316
  3608.550            -1.115
  3608.550            -1.003
  3608.550            -0.198
  3608.550             0.195
  3608.550            -0.274
  3608.550            -0.761
  3608.550            -0.455
  3608.550             0.169
  3608.550             0.192
  3608.550            -0.196
  3608.550             0.003
  3608.550             0.934
  3608.550             1.642
  3608.550             1.572
  3608.550             1.250
  3608.550             1.094
  3608.550             0.598
  3608.550            -0.586
  3608.550            -1.639
  3608.550            -1.621
  3608.550            -0.895
  3608.550            -0.472
  3608.550            -0.396
  3608.550            -0.014
  3608.550             0.399
  3608.550            -0.203
  3608.550            -1.687
  3608.550            -2.401
  3608.550            -1.439
  3608.550            -0.014
  3608.550             0.299
  3608.550            -0.353
  3608.550            -0.825
  3608.550            -0.905
  3608.550            -1.186
  3608.550            -1.512
  3608.550            -1.060
  3608.550             0.057
  3608.550             0.610
  3608.550             0.045
  3608.550            -0.648
  3608.550            -0.446
  3608.550             0.225
  3608.550             0.281
  3608.550            -0.335
  3608.550            -0.680
  3608.550            -0.284
  3608.550             0.225
  3608.550             0.038
  3608.550            -0.883
  3608.550            -1.877
  3608.550            -2.212
  3608.550            -1.588
  3608.550            -0.432
  3608.550             0.290
  3608.550            -0.012
  3608.550            -0.798
  3608.550            -0.989
  3608.550            -0.332
  3608.550             0.332
  3608.550             0.282
  3608.550            -0.213
  3608.550            -0.478
  3608.550            -0.313
  3608.550             0.090
  3608.550             0.614
  3608.550             1.125
  3608.550             1.286
  3608.550             0.985
  3608.550             0.659
  3608.550             0.713
  3608.550             0.875
  3608.550             0.660
  3608.550             0.179
  3608.550            -0.116
  3608.550            -0.264
  3608.550            -0.651
  3608.550            -1.149
  3608.550            -1.179
  3608.550            -0.640
  3608.550            -0.046
  3608.550             0.305
  3608.550             0.542
  3608.550             0.572
  3608.550             0.121
  3608.550            -0.429
  3608.550            -0.282
  3608.550             0.397
  3608.550             0.450
  3608.550            -0.439
  3608.550            -1.095
  3608.550            -0.763
  3608.550            -0.452
  3608.550            -1.264
  3608.550            -2.480
  3608.550            -2.655
  3608.550            -1.822
  3608.550            -1.140
  3608.550            -0.921
  3608.550            -0.517
  3608.550             0.108
  3608.550             0.203
  3608.550            -0.384
  3608.550            -0.912
  3608.550            -0.981
  3608.550            -0.929
  3608.550            -0.880
  3608.550            -0.431
  3608.550             0.418
  3608.550             0.981
  3608.550             0.876
  3608.550             0.514
  3608.550             0.255
  3608.550            -0.152
  3608.550            -0.832
  3608.550            -1.236
  3608.550            -0.955
  3608.550            -0.502
  3608.550            -0.541
  3608.550            -0.783
  3608.550            -0.480
  3608.550             0.244
  3608.550             0.457
  3608.550            -0.197
  3608.550            -1.019
  3608.550            -1.330
  3608.550            -1.222
  3608.550            -0.955
  3608.550            -0.403
  3608.550             0.372
  3608.550             0.708
  3608.550             0.232
  3608.550            -0.332
  3608.550            -0.066
  3608.550             0.688
  3608.550             0.730
  3608.550            -0.231
  3608.550            -1.162
  3608.550            -1.231
  3608.550            -0.826
  3608.550            -0.594
  3608.550            -0.331
  3608.550             0.420
  3608.550             1.248
  3608.550             1.302
  3608.550             0.612
  3608.550             0.123
  3608.550             0.387
  3608.550             0.988
  3608.550             1.373
  3608.550             1.528
  3608.550             1.554
  3608.550             1.275
  3608.550             0.697
  3608.550             0.296
  3608.550             0.334
  3608.550             0.345
  3608.550            -0.116
  3608.550            -0.624
  3608.550            -0.490
  3608.550             0.107
  3608.550             0.405
  3608.550             0.342
  3608.550             0.546
  3608.550             1.035
  3608.550             1.036
  3608.550             0.474
  3608.550             0.431
  3608.550             1.458
  3608.550             2.964
  3608.550             5.800
  3608.550            13.220
  3608.550            24.303
  3608.550            26.902
  3608.550            15.554
  3608.550            10.175
  3608.550            19.975
  3608.550            24.565
  3608.550            15.554
  3608.550             5.516
  3608.550             2.177
  3608.550             2.614
  3608.550             2.305
  3608.550             0.873
  3608.550            -0.064
  3608.550            -0.458
  3608.550            -1.240
  3608.550            -2.007
  3608.550            -1.512
  3608.550             0.039
  3608.550             0.919
  3608.550             0.268
  3608.550            -0.763
  3608.550            -0.732
  3608.550             0.227
  3608.550             0.944
  3608.550             0.968
  3608.550             0.870
  3608.550             1.046
  3608.550             1.089
  3608.550             0.576
  3608.550            -0.153
  3608.550            -0.404
  3608.550            -0.022
  3608.550             0.483
  3608.550             0.606
  3608.550             0.357
  3608.550             0.105
  3608.550             0.108
  3608.550             0.261
  3608.550             0.279
  3608.550             0.079
  3608.550            -0.107
  3608.550            -0.083
  3608.550            -0.060
  3608.550            -0.373
  3608.550            -0.843
  3608.550            -0.873
  3608.550            -0.431
  3608.550            -0.346
  3608.550            -0.864
  3608.550            -0.131
  3608.550             4.640
  3608.550            13.568
  3608.550            21.809
  3608.550            22.063
  3608.550            13.190
  3608.550             6.492
  3608.550            12.254
  3608.550            22.497
  3608.550            23.221
  3608.550            14.410
  3608.550             5.359
  3608.550             1.328
  3608.550             1.067
  3608.550             1.454
  3608.550             1.118
  3608.550             0.417
  3608.550            -0.190
  3608.550            -0.703
  3608.550            -1.062
  3608.550            -1.070
  3608.550            -0.914
  3608.550            -1.057
  3608.550            -1.422
  3608.550            -1.253
  3608.550            -0.183
  3608.550             1.008
  3608.550             1.218
  3608.550             0.422
  3608.550            -0.328
  3608.550            -0.296
  3608.550             0.098
  3608.550             0.026
  3608.550            -0.607
  3608.550            -1.169
  3608.550            -1.207
  3608.550            -0.869
  3608.550            -0.495
  3608.550            -0.218
  3608.550            -0.105
  3608.550            -0.296
  3608.550            -0.758
  3608.550            -1.090
  3608.550            -0.890
  3608.550            -0.257
  3608.550             0.265
  3608.550             0.230
  3608.550            -0.348
  3608.550            -1.084
  3608.550            -1.479
  3608.550            -1.153
  3608.550            -0.146
  3608.550             0.940
  3608.550             1.343
  3608.550             0.823
  3608.550            -0.119
  3608.550            -0.767
  3608.550            -0.769
  3608.550            -0.224
  3608.550             0.507
  3608.550             0.934
  3608.550             0.709
  3608.550             0.048
  3608.550            -0.341
  3608.550            -0.080
  3608.550             0.389
  3608.550             0.486
  3608.550             0.390
  3608.550             0.666
  3608.550             1.142
  3608.550             0.989
  3608.550             0.059
  3608.550            -0.669
  3608.550            -0.396
  3608.550             0.427
  3608.550             0.872
  3608.550             0.787
  3608.550             0.656
  3608.550             0.715
  3608.550             0.890
  3608.550             1.166
  3608.550             1.344
  3608.550             0.962
  3608.550             0.149
  3608.550            -0.061
  3608.550             0.820
  3608.550             1.632
  3608.550             1.035
  3608.550            -0.477
  3608.550            -1.297
  3608.550            -0.981
  3608.550            -0.460
  3608.550            -0.257
  3608.550             0.027
  3608.550             0.433
  3608.550             0.256
  3608.550            -0.653
  3608.550            -1.330
  3608.550            -0.977
  3608.550             0.014
  3608.550             0.882
  3608.550             1.602
  3608.550             2.464
  3608.550             3.047
  3608.550             2.531
  3608.550             0.981
  3608.550            -0.425
  3608.550            -0.690
  3608.550            -0.075
  3608.550             0.400
  3608.550             0.191
  3608.550            -0.351
  3608.550            -0.627
  3608.550            -0.512
  3608.550            -0.391
  3608.550            -0.671
  3608.550            -1.315
  3608.550            -1.785
  3608.550            -1.478
  3608.550            -0.394
  3608.550             0.653
  3608.550             0.742
  3608.550            -0.076
  3608.550            -0.656
  3608.550            -0.026
  3608.550             1.347
  3608.550             2.033
  3608.550             1.430
  3608.550             0.523
  3608.550             0.463
  3608.550             0.927
  3608.550             0.648
  3608.550            -0.602
  3608.550            -1.581
  3608.550            -1.380
  3608.550            -0.713
  3608.550            -0.669
  3608.550            -0.999
  3608.550            -0.639
  3608.550             0.417
  3608.550             1.195
  3608.550             1.476
  3608.550             2.154
  3608.550             3.429
  3608.550             5.204
  3608.550            12.154
  3608.550            37.815
  3608.550            65.843
  3608.550            56.537
  3608.550            27.094
  3608.550            11.299
  3608.550             4.714
  3608.550             1.625
  3608.550             1.799
  3608.550             2.709
  3608.550             2.668
  3608.550             1.780
  3608.550             0.928
  3608.550             0.342
  3608.550            -0.105
  3608.550            -0.454
  3608.550            -0.556
  3608.550            -0.300
  3608.550             0.229
  3608.550             0.668
  3608.550             0.748
  3608.550             0.676
  3608.550             0.848
  3608.550             1.138
  3608.550             0.987
  3608.550             0.315
  3608.550            -0.150
  3608.550             0.165
  3608.550             0.807
  3608.550             0.878
  3608.550             0.280
  3608.550            -0.188
  3608.550             0.036
  3608.550             0.547
  3608.550             0.608
  3608.550             0.100
  3608.550            -0.477
  3608.550            -0.695
  3608.550            -0.515
  3608.550            -0.033
  3608.550             0.647
  3608.550             1.222
  3608.550             1.258
  3608.550             0.672
  3608.550            -0.065
  3608.550            -0.439
  3608.550            -0.440
  3608.550            -0.388
  3608.550            -0.402
  3608.550            -0.343
  3608.550            -0.182
  3608.550            -0.046
  3608.550             0.096
  3608.550             0.380
  3608.550             0.606
  3608.550             0.341
  3608.550            -0.338
  3608.550            -0.677
  3608.550            -0.243
  3608.550             0.297
  3608.550             0.006
  3608.550            -0.947
  3608.550            -1.404
  3608.550            -0.751
  3608.550             0.308
  3608.550             0.700
  3608.550             0.204
  3608.550            -0.563
  3608.550            -0.990
  3608.550            -0.962
  3608.550            -0.726
  3608.550            -0.594
  3608.550            -0.702
  3608.550            -0.935
  3608.550            -1.085
  3608.550            -1.077
  3608.550            -0.915
  3608.550            -0.527
  3608.550             0.072
  3608.550             0.522
  3608.550             0.428
  3608.550            -0.066
  3608.550            -0.357
  3608.550            -0.117
  3608.550             0.416
  3608.550             0.899
